# blastp
# Iteration: 0
# Query: 
# RID: AVF030C7015
# Database: nr_cluster_seq
# Fields: query acc.ver, subject acc.ver, % identity, alignment length, mismatches, gap opens, q. start, q. end, s. start, s. end, evalue, bit score, % positives
# 617 hits found
Query_6056687	WP_296352577.1	57.778	180	75	1	9	188	9	187	4.77e-68	216	72.22
Query_6056687	EJE6497614.1	62.011	179	67	1	10	188	10	187	2.85e-66	211	76.54
Query_6056687	WP_127409241.1	57.778	180	76	0	9	188	9	188	1.20e-65	209	68.33
Query_6056687	WP_405048906.1	51.955	179	82	2	10	188	7	181	8.60e-51	172	62.57
Query_6056687	WP_084298884.1	51.685	178	85	1	11	187	7	184	5.63e-47	162	62.36
Query_6056687	WP_211727634.1	42.473	186	105	2	1	185	1	185	2.02e-43	153	60.75
Query_6056687	RXG95235.1	50.625	160	79	0	28	187	1	160	3.51e-39	141	61.25
Query_6056687	WP_415174941.1	42.473	186	104	2	1	185	1	184	3.41e-37	137	59.68
Query_6056687	WP_407181595.1	46.875	160	85	0	28	187	1	160	8.87e-36	133	60.62
Query_6056687	WP_165126739.1	48.901	182	90	2	6	186	2	181	4.57e-35	132	60.99
Query_6056687	WP_404995945.1	50.806	124	58	1	65	188	1	121	7.80e-33	124	64.52
Query_6056687	WP_358113663.1	38.202	178	107	2	11	185	5	182	7.83e-32	123	55.62
Query_6056687	WP_063004884.1	37.989	179	106	4	11	185	5	182	2.95e-30	119	56.42
Query_6056687	WP_357390994.1	37.288	177	107	2	11	186	10	183	8.85e-29	115	51.41
Query_6056687	WP_183232798.1	51.079	139	68	0	49	187	1	139	3.75e-26	107	64.03
Query_6056687	WP_225183957.1	55.172	87	39	0	98	184	28	114	6.27e-25	103	66.67
Query_6056687	WP_379263412.1	39.227	181	104	5	11	187	13	191	3.22e-24	104	53.59
Query_6056687	WP_226274189.1	60.000	60	24	0	129	188	1	60	9.04e-19	86.3	81.67
Query_6056687	WP_433724464.1	37.222	180	107	4	11	186	34	211	1.40e-16	85.1	51.11
Query_6056687	WP_414643407.1	62.667	75	28	0	112	186	10	84	1.73e-15	78.6	76.00
Query_6056687	SDG86845.1	61.111	54	21	0	134	187	2	55	6.28e-13	71.2	70.37
Query_6056687	MCR6700948.1	27.143	210	114	6	13	183	14	223	6.84e-10	67.4	40.95
Query_6056687	WP_433685628.1	37.963	108	61	4	83	186	39	144	6.54e-09	63.2	54.63
Query_6056687	HEY0340629.1	34.821	112	67	3	77	184	110	219	1.29e-08	63.9	48.21
Query_6056687	MEM8817695.1	27.976	168	118	3	22	186	61	228	2.31e-08	63.2	44.64
Query_6056687	WP_346784727.1	27.885	208	113	5	12	184	12	217	2.82e-08	63.2	40.38
Query_6056687	MBW8869354.1	31.579	114	75	2	73	185	13	124	3.27e-08	60.8	49.12
Query_6056687	WP_183714675.1	67.568	37	12	0	150	186	1	37	3.29e-08	58.5	83.78
Query_6056687	WP_165928127.1	28.649	185	94	3	18	184	3	167	3.69e-08	62.0	40.00
Query_6056687	WP_325363525.1	30.357	112	78	0	73	184	107	218	5.99e-08	62.0	48.21
Query_6056687	WP_316696888.1	37.615	109	64	1	79	183	135	243	6.60e-08	62.4	51.38
Query_6056687	WP_141458017.1	29.592	196	107	6	14	184	16	205	6.80e-08	61.6	40.31
Query_6056687	WP_135209722.1	28.141	199	113	6	14	186	15	209	7.42e-08	61.6	41.71
Query_6056687	WP_119591308.1	34.821	112	71	2	73	183	106	216	8.12e-08	61.6	50.00
Query_6056687	HWY95035.1	47.458	59	31	0	128	186	165	223	8.90e-08	61.6	62.71
Query_6056687	WP_160734391.1	38.043	92	56	1	95	186	116	206	1.76e-07	60.5	54.35
Query_6056687	WP_104551972.1	36.697	109	65	1	79	183	113	221	2.19e-07	60.5	50.46
Query_6056687	WP_354293702.1	32.787	122	79	1	62	183	42	160	4.08e-07	58.9	41.80
Query_6056687	HEX8669622.1	28.500	200	117	4	11	184	11	210	6.44e-07	58.9	40.00
Query_6056687	NUQ17204.1	31.818	132	75	4	60	184	94	217	6.47e-07	59.3	48.48
Query_6056687	MET0497808.1	28.662	157	99	5	36	184	81	232	9.49e-07	58.9	49.68
Query_6056687	WP_258078244.1	37.615	109	64	2	79	183	8	116	9.63e-07	56.6	47.71
Query_6056687	WP_342249219.1	29.268	205	114	4	13	186	14	218	1.34e-06	58.2	40.00
Query_6056687	MBX3562696.1	32.308	130	81	2	60	184	91	218	1.57e-06	58.2	44.62
Query_6056687	WP_367846103.1	29.348	184	113	7	9	183	39	214	1.62e-06	58.2	44.57
Query_6056687	HVZ34530.1	50.000	58	29	0	127	184	1	58	1.67e-06	54.7	60.34
Query_6056687	HEY1076895.1	27.751	209	112	7	14	183	15	223	2.13e-06	57.8	41.63
Query_6056687	WP_295325776.1	36.264	91	57	1	97	186	122	212	2.26e-06	57.4	52.75
Query_6056687	MGH8176776.1	35.075	134	74	3	61	184	105	235	2.41e-06	57.8	44.78
Query_6056687	MES2136941.1	27.805	205	116	3	11	184	13	216	2.57e-06	57.4	40.49
Query_6056687	WP_404479221.1	40.741	81	48	0	106	186	56	136	2.76e-06	55.8	48.15
Query_6056687	WP_278986069.1	33.051	118	74	2	71	183	88	205	2.77e-06	57.4	47.46
Query_6056687	MBS0418028.1	33.051	118	70	2	73	184	111	225	2.79e-06	57.4	50.85
Query_6056687	WP_016903881.1	32.704	159	96	4	31	183	68	221	3.33e-06	57.4	45.28
Query_6056687	MDB6013070.1	34.513	113	66	4	77	184	132	241	3.52e-06	57.4	46.90
Query_6056687	WP_157935777.1	31.863	204	107	7	13	184	10	213	5.47e-06	56.6	41.67
Query_6056687	HVW70034.1	30.625	160	95	6	32	184	81	231	5.62e-06	56.6	45.62
Query_6056687	HVJ02999.1	33.884	121	61	3	74	185	102	212	5.62e-06	56.6	45.45
Query_6056687	HYJ53198.1	33.043	115	76	1	70	184	102	215	5.99e-06	56.6	46.09
Query_6056687	WP_221555779.1	25.907	193	113	4	18	186	19	205	6.21e-06	56.2	41.45
Query_6056687	WP_158013976.1	33.108	148	73	5	55	187	88	224	6.30e-06	56.6	44.59
Query_6056687	WP_167755641.1	32.773	119	76	2	68	185	97	212	7.75e-06	56.2	46.22
Query_6056687	WP_166766371.1	37.615	109	64	2	79	183	113	221	7.76e-06	56.2	47.71
Query_6056687	WP_129469866.1	27.174	184	120	3	14	183	15	198	9.98e-06	55.5	41.30
Query_6056687	OLB39489.1	44.828	58	32	0	128	185	66	123	1.18e-05	53.9	55.17
Query_6056687	WP_082166282.1	27.619	210	111	7	14	184	15	222	1.33e-05	55.5	37.62
Query_6056687	MDB6013992.1	34.513	113	61	3	77	184	49	153	1.45e-05	54.3	44.25
Query_6056687	WP_313911276.1	38.095	84	48	2	107	186	137	220	1.45e-05	55.5	55.95
Query_6056687	MBL8650248.1	44.068	59	33	0	128	186	162	220	1.62e-05	55.5	57.63
Query_6056687	WP_372362202.1	34.862	109	67	1	79	183	113	221	1.79e-05	55.1	48.62
Query_6056687	WP_431849670.1	32.231	121	80	2	66	184	104	224	1.84e-05	55.1	41.32
Query_6056687	WP_405053238.1	32.222	90	61	0	96	185	61	150	1.84e-05	53.9	47.78
Query_6056687	WP_277792965.1	35.780	109	68	2	78	186	109	215	1.90e-05	55.1	48.62
Query_6056687	MBW4050507.1	34.483	87	54	1	101	184	115	201	1.96e-05	54.7	49.43
Query_6056687	WP_062098388.1	30.198	202	110	5	13	184	14	214	2.02e-05	55.1	39.11
Query_6056687	MFZ3330713.1	32.110	109	60	3	73	181	25	119	2.17e-05	53.1	48.62
Query_6056687	WP_348974962.1	34.483	116	70	2	71	185	102	212	2.36e-05	54.7	46.55
Query_6056687	WP_272746657.1	36.471	85	49	1	104	183	130	214	2.46e-05	54.7	49.41
Query_6056687	WP_405053681.1	35.398	113	66	3	76	184	6	115	3.06e-05	52.8	45.13
Query_6056687	WP_325539884.1	41.667	72	42	0	115	186	152	223	3.08e-05	54.7	51.39
Query_6056687	WP_291878984.1	34.188	117	61	5	79	186	110	219	3.15e-05	54.3	48.72
Query_6056687	WP_293975616.1	35.294	85	55	0	103	187	140	224	3.33e-05	54.3	50.59
Query_6056687	MDP9085322.1	29.524	105	71	1	79	183	9	110	3.42e-05	52.4	45.71
Query_6056687	WP_422060797.1	33.654	104	65	2	87	186	12	115	3.49e-05	52.4	48.08
Query_6056687	MES2326209.1	33.065	124	75	3	66	184	95	215	3.65e-05	54.3	47.58
Query_6056687	GJG86412.1	41.667	60	35	0	127	186	91	150	3.81e-05	53.1	55.00
Query_6056687	WP_440179236.1	34.234	111	65	4	79	184	113	220	3.98e-05	54.3	48.65
Query_6056687	WP_339348620.1	35.135	74	48	0	112	185	164	237	4.12e-05	54.3	51.35
Query_6056687	WP_405052646.1	32.222	90	61	0	96	185	147	236	4.29e-05	54.3	47.78
Query_6056687	MGL6188240.1	36.111	72	46	0	115	186	156	227	4.42e-05	54.3	50.00
Query_6056687	WP_419722944.1	33.051	118	75	2	69	184	14	129	4.43e-05	52.4	43.22
Query_6056687	MGD0428182.1	32.743	113	62	3	73	185	25	123	4.55e-05	52.4	46.90
Query_6056687	MDR6116619.1	32.222	90	61	0	96	185	209	298	4.70e-05	54.7	47.78
Query_6056687	WP_298315217.1	24.312	218	124	4	3	183	8	221	4.99e-05	53.9	37.16
Query_6056687	WP_166743755.1	36.364	110	64	2	79	183	114	222	5.44e-05	53.9	48.18
Query_6056687	WP_126424250.1	27.885	208	111	7	11	184	12	214	5.48e-05	53.9	40.87
Query_6056687	HEX3913133.1	28.402	169	102	7	23	184	83	239	5.60e-05	53.9	45.56
Query_6056687	EGF94762.1	32.174	115	73	2	67	176	21	135	5.73e-05	52.4	41.74
Query_6056687	WP_181267677.1	27.737	137	93	3	56	186	84	220	5.86e-05	53.5	48.18
Query_6056687	WP_212596788.1	32.000	100	65	1	90	186	124	223	5.91e-05	53.9	49.00
Query_6056687	WP_415197133.1	40.000	65	39	0	121	185	59	123	6.07e-05	52.0	53.85
Query_6056687	WP_380908891.1	33.333	120	71	2	71	183	101	218	6.09e-05	53.5	42.50
Query_6056687	WP_023905251.1	34.862	109	67	1	79	183	135	243	6.15e-05	53.9	48.62
Query_6056687	WP_417619445.1	30.909	110	73	3	77	184	114	222	6.26e-05	53.5	46.36
Query_6056687	HSY82833.1	44.643	56	31	0	125	180	62	117	6.65e-05	52.0	55.36
Query_6056687	XHH30144.1	46.429	56	30	0	128	183	33	88	7.08e-05	51.2	55.36
Query_6056687	HYT20938.1	40.323	62	37	0	124	185	69	130	7.86e-05	52.0	54.84
Query_6056687	HWG29419.1	37.113	97	53	2	92	184	147	239	8.04e-05	53.5	44.33
Query_6056687	HSZ00426.1	31.959	97	41	1	114	185	27	123	8.79e-05	51.6	44.33
Query_6056687	WP_375713750.1	43.333	60	34	0	128	187	17	76	8.84e-05	50.4	53.33
Query_6056687	HYR41927.1	33.000	100	55	2	91	185	31	123	8.88e-05	51.6	46.00
Query_6056687	MEJ1961796.1	32.061	131	74	6	67	184	107	235	9.05e-05	53.5	48.09
Query_6056687	WP_303543462.1	27.094	203	121	4	11	186	12	214	9.18e-05	53.1	35.96
Query_6056687	WP_173204349.1	30.088	113	76	3	74	184	92	203	9.18e-05	53.1	46.90
Query_6056687	WP_318159863.1	34.211	114	68	2	70	183	112	218	9.22e-05	53.1	44.74
Query_6056687	MEI9985565.1	38.272	81	47	1	107	184	155	235	9.23e-05	53.1	49.38
Query_6056687	MEO7469973.1	44.643	56	31	0	128	183	136	191	9.36e-05	52.8	55.36
Query_6056687	WP_258078593.1	30.556	108	73	1	78	183	110	217	9.41e-05	53.1	46.30
Query_6056687	OLB86103.1	44.444	54	30	0	128	181	66	119	1.00e-04	51.6	57.41
Query_6056687	WP_063976350.1	32.624	141	84	3	56	186	77	216	1.01e-04	53.1	43.97
Query_6056687	WP_394003201.1	34.951	103	59	2	89	183	120	222	1.01e-04	53.1	45.63
Query_6056687	MGH8210344.1	32.520	123	78	4	66	184	86	207	1.02e-04	52.8	44.72
Query_6056687	WP_440048554.1	37.288	59	37	0	128	186	68	126	1.04e-04	51.6	61.02
Query_6056687	GAP34301.1	38.889	90	51	3	99	184	29	118	1.08e-04	51.2	51.11
Query_6056687	WP_307251208.1	29.167	120	81	2	65	184	1	116	1.08e-04	51.2	46.67
Query_6056687	WP_407654897.1	31.092	119	77	2	71	184	84	202	1.11e-04	52.8	41.18
Query_6056687	WP_165421722.1	27.638	199	104	7	13	173	14	210	1.11e-04	53.1	40.20
Query_6056687	MDB5576862.1	31.304	115	75	2	72	186	110	220	1.11e-04	52.8	45.22
Query_6056687	MGA9307676.1	45.283	53	29	0	128	180	66	118	1.20e-04	51.2	56.60
Query_6056687	WP_310149741.1	46.429	56	30	0	128	183	146	201	1.21e-04	52.8	55.36
Query_6056687	WP_339967572.1	27.128	188	117	5	18	186	14	200	1.22e-04	52.8	41.49
Query_6056687	PKP92523.1	27.273	198	117	3	14	184	16	213	1.25e-04	52.8	38.38
Query_6056687	WP_131849341.1	29.508	122	82	2	65	186	1	118	1.26e-04	51.2	46.72
Query_6056687	PBJ81800.1	34.568	81	53	0	103	183	134	214	1.32e-04	52.8	45.68
Query_6056687	WP_040345549.1	32.174	115	73	2	67	176	96	210	1.33e-04	52.8	41.74
Query_6056687	WP_206234078.1	29.323	133	89	2	56	183	89	221	1.33e-04	52.8	48.12
Query_6056687	WP_116491616.1	30.579	121	84	0	64	184	100	220	1.37e-04	52.8	44.63
Query_6056687	MGC2766626.1	43.103	58	33	0	128	185	67	124	1.38e-04	51.2	58.62
Query_6056687	HEY6927824.1	37.349	83	48	1	106	184	152	234	1.45e-04	52.8	48.19
Query_6056687	WP_140909463.1	28.718	195	99	7	18	173	19	212	1.54e-04	52.8	39.49
Query_6056687	HLT91482.1	25.157	159	117	2	28	184	73	231	1.63e-04	52.8	43.40
Query_6056687	MFY9801574.1	40.323	62	37	0	124	185	52	113	1.78e-04	50.4	54.84
Query_6056687	WP_438324629.1	36.905	84	49	2	107	186	124	207	1.91e-04	52.0	54.76
Query_6056687	WP_380916521.1	30.000	130	83	3	57	184	4	127	1.96e-04	50.8	43.85
Query_6056687	WP_327474150.1	46.429	56	30	0	128	183	167	222	2.01e-04	52.4	55.36
Query_6056687	HEY0340198.1	43.333	60	34	0	125	184	183	242	2.03e-04	52.4	53.33
Query_6056687	HWJ38163.1	30.286	175	106	5	14	183	57	220	2.03e-04	52.4	43.43
Query_6056687	HSZ10446.1	29.365	126	85	1	63	184	116	241	2.04e-04	52.4	45.24
Query_6056687	WP_276609729.1	29.661	118	82	1	69	186	6	122	2.06e-04	50.4	44.92
Query_6056687	PYU52318.1	41.379	58	34	0	128	185	66	123	2.08e-04	50.4	53.45
Query_6056687	PYT92595.1	41.379	58	34	0	128	185	66	123	2.10e-04	50.4	55.17
Query_6056687	MEO9216657.1	50.000	58	25	2	128	183	167	222	2.22e-04	52.0	60.34
Query_6056687	MBX3628264.1	45.614	57	31	0	128	184	185	241	2.22e-04	52.4	50.88
Query_6056687	HEX4676106.1	32.743	113	63	3	77	184	146	250	2.28e-04	52.4	42.48
Query_6056687	WP_093016193.1	29.630	108	75	1	77	184	11	117	2.29e-04	50.4	44.44
Query_6056687	MGB6308788.1	40.000	60	36	0	128	187	61	120	2.33e-04	50.4	56.67
Query_6056687	WP_095209138.1	48.214	56	29	0	128	183	161	216	2.38e-04	52.0	57.14
Query_6056687	WP_386743742.1	31.579	114	70	3	77	183	111	223	2.42e-04	52.0	42.98
Query_6056687	WP_165899708.1	31.325	166	93	5	27	183	34	187	2.44e-04	51.6	43.98
Query_6056687	WP_027490006.1	32.143	112	60	5	75	173	107	215	2.48e-04	52.0	50.89
Query_6056687	MEM1177293.1	37.179	78	42	1	108	185	96	166	2.54e-04	51.2	50.00
Query_6056687	PYX50210.1	44.444	54	30	0	128	181	69	122	2.65e-04	50.4	55.56
Query_6056687	MGD0165642.1	40.323	62	37	0	124	185	61	122	2.74e-04	50.1	51.61
Query_6056687	WP_325310625.1	39.189	74	45	0	107	180	48	121	2.75e-04	50.4	47.30
Query_6056687	MGB8062255.1	28.704	108	63	3	78	185	30	123	2.80e-04	50.1	44.44
Query_6056687	TCP65468.1	31.325	166	93	5	27	183	59	212	2.88e-04	51.6	43.98
Query_6056687	WP_418319630.1	37.349	83	51	1	103	184	151	233	2.94e-04	52.0	49.40
Query_6056687	MCD9008115.1	30.973	113	75	1	77	186	115	227	3.00e-04	51.6	43.36
Query_6056687	PCI32436.1	26.446	121	87	2	66	184	112	232	3.12e-04	51.6	51.24
Query_6056687	MDB6088119.1	29.480	173	109	6	24	186	89	258	3.15e-04	52.0	43.35
Query_6056687	WP_167922195.1	33.000	100	63	2	91	186	116	215	3.37e-04	51.6	49.00
Query_6056687	MBX5461617.1	32.847	137	86	3	53	186	114	247	3.43e-04	51.6	45.99
Query_6056687	WP_137892484.1	32.704	159	80	6	28	186	88	219	3.49e-04	51.6	46.54
Query_6056687	WP_158792084.1	29.839	124	72	4	67	185	688	801	3.71e-04	52.4	45.97
Query_6056687	HEV2398791.1	41.379	58	34	0	128	185	92	149	3.82e-04	50.4	51.72
Query_6056687	MGE5113215.1	30.928	97	42	1	114	185	53	149	3.82e-04	50.4	41.24
Query_6056687	WP_332817680.1	33.333	87	55	1	103	186	140	226	3.91e-04	51.6	51.72
Query_6056687	HXR89205.1	43.333	60	34	0	125	184	179	238	3.91e-04	51.6	53.33
Query_6056687	WP_119511831.1	27.273	187	119	4	14	184	11	196	3.97e-04	51.2	41.18
Query_6056687	WP_043971921.1	38.272	81	50	0	106	186	137	217	4.01e-04	51.2	46.91
Query_6056687	WP_374394887.1	31.447	159	82	5	28	186	58	189	4.18e-04	50.8	44.03
Query_6056687	WP_264393693.1	26.562	192	122	5	14	186	16	207	4.25e-04	51.2	40.62
Query_6056687	WP_066921591.1	33.735	83	54	1	106	187	209	291	4.30e-04	51.6	55.42
Query_6056687	MGA2606606.1	38.710	62	38	0	124	185	62	123	4.43e-04	49.7	53.23
Query_6056687	PZQ09378.1	26.794	209	113	7	13	183	156	362	4.45e-04	52.0	39.71
Query_6056687	WP_429913143.1	29.710	138	92	3	51	184	132	268	4.45e-04	51.6	43.48
Query_6056687	MFL6603958.1	33.000	100	60	2	88	184	69	164	4.48e-04	50.4	49.00
Query_6056687	WP_144893425.1	42.623	61	35	0	126	186	165	225	4.49e-04	51.2	50.82
Query_6056687	WP_304275885.1	43.860	57	32	0	128	184	150	206	4.82e-04	50.8	52.63
Query_6056687	WP_294017751.1	28.846	208	102	6	14	184	16	214	4.93e-04	51.2	39.90
Query_6056687	MET1110499.1	35.417	96	58	1	93	184	132	227	5.15e-04	51.2	45.83
Query_6056687	WP_095388863.1	37.288	59	37	0	128	186	161	219	5.37e-04	50.8	59.32
Query_6056687	MGB7281327.1	43.396	53	30	0	128	180	66	118	5.49e-04	49.3	54.72
Query_6056687	WP_072762587.1	28.696	115	76	1	65	173	96	210	5.87e-04	50.8	46.09
Query_6056687	WP_082734433.1	34.483	87	55	1	100	184	135	221	5.93e-04	50.8	48.28
Query_6056687	WP_082367886.1	38.889	90	51	3	99	184	141	230	5.97e-04	50.8	51.11
Query_6056687	WP_130535957.1	28.696	115	75	2	75	183	108	221	5.98e-04	50.8	45.22
Query_6056687	WP_149102721.1	40.541	74	37	3	105	173	143	214	6.11e-04	50.8	54.05
Query_6056687	WP_039953934.1	44.643	56	31	0	128	183	163	218	6.13e-04	50.8	55.36
Query_6056687	WP_286867888.1	28.182	110	78	1	78	186	114	223	6.15e-04	50.8	45.45
Query_6056687	MFZ0523537.1	41.379	58	34	0	128	185	66	123	6.40e-04	49.3	51.72
Query_6056687	HKQ16270.1	30.909	110	71	2	79	184	113	221	6.41e-04	50.8	48.18
Query_6056687	WP_157275339.1	33.600	125	74	4	66	184	116	237	6.56e-04	50.8	44.00
Query_6056687	WP_264946395.1	30.000	130	83	3	57	184	91	214	6.75e-04	50.8	43.85
Query_6056687	WP_167334680.1	35.185	108	65	2	77	184	12	114	6.80e-04	48.9	47.22
Query_6056687	WP_435568853.1	36.986	73	46	0	114	186	12	84	6.84e-04	48.1	47.95
Query_6056687	MFY9529162.1	41.379	58	34	0	128	185	66	123	6.87e-04	49.3	53.45
Query_6056687	WP_202845049.1	37.037	108	59	3	85	183	114	221	6.92e-04	50.8	47.22
Query_6056687	MDP9009053.1	36.620	71	45	0	114	184	172	242	6.96e-04	50.8	53.52
Query_6056687	HXM12135.1	32.039	103	56	3	78	180	30	118	7.08e-04	49.3	44.66
Query_6056687	HWM69022.1	35.366	82	49	1	107	184	156	237	7.45e-04	50.8	46.34
Query_6056687	MEQ1808527.1	28.502	207	114	9	8	186	7	207	7.45e-04	50.4	43.00
Query_6056687	WP_434932641.1	31.973	147	83	7	50	183	82	224	7.50e-04	50.8	46.94
Query_6056687	MDB6044026.1	33.929	112	65	3	79	184	136	244	7.61e-04	50.8	42.86
Query_6056687	PZU68657.1	27.861	201	114	5	15	184	16	216	7.72e-04	50.4	39.80
Query_6056687	MCI0724318.1	41.379	58	34	0	128	185	66	123	7.76e-04	48.9	51.72
Query_6056687	MGB7472249.1	38.710	62	38	0	124	185	62	123	7.84e-04	48.9	54.84
Query_6056687	MFL5608840.1	43.860	57	32	0	127	183	73	129	8.15e-04	49.3	54.39
Query_6056687	MGB2590692.1	33.028	109	57	4	78	185	30	123	8.17e-04	48.9	47.71
Query_6056687	WP_176597209.1	31.818	88	57	1	96	183	104	188	8.41e-04	50.1	51.14
Query_6056687	WP_272800104.1	28.235	170	113	4	20	186	22	185	8.52e-04	50.1	41.76
Query_6056687	WP_198576140.1	30.000	210	104	9	13	184	14	218	8.65e-04	50.4	41.43
Query_6056687	MGC2370728.1	41.379	58	34	0	128	185	66	123	8.68e-04	48.9	56.90
Query_6056687	WP_222828547.1	26.699	206	126	7	1	184	1	203	8.73e-04	50.1	39.32
Query_6056687	WP_129136901.1	39.655	58	35	0	126	183	163	220	8.76e-04	50.4	56.90
Query_6056687	WP_349808037.1	43.860	57	32	0	128	184	158	214	8.77e-04	50.4	52.63
Query_6056687	MGB9072380.1	39.655	58	35	0	128	185	66	123	8.77e-04	48.9	55.17
Query_6056687	MBK6413889.1	28.947	114	78	2	75	186	3	115	8.96e-04	48.5	45.61
Query_6056687	WP_202988352.1	36.232	69	44	0	115	183	59	127	0.001	48.9	49.28
Query_6056687	MFZ0881764.1	41.379	58	34	0	128	185	67	124	0.001	48.9	53.45
Query_6056687	WP_136943426.1	32.174	115	74	2	72	186	107	217	0.001	50.1	42.61
Query_6056687	HLO01935.1	29.474	95	60	1	92	186	39	126	0.001	48.9	42.11
Query_6056687	WP_101715509.1	36.842	76	46	1	109	184	158	231	0.001	50.4	48.68
Query_6056687	WP_082125395.1	30.579	121	69	4	70	185	691	801	0.001	51.2	46.28
Query_6056687	MGH9722208.1	40.678	59	35	0	128	186	82	140	0.001	48.9	52.54
Query_6056687	WP_371388695.1	28.319	113	75	2	72	184	89	195	0.001	50.1	46.90
Query_6056687	PNQ77339.1	25.389	193	108	4	14	184	24	202	0.001	50.1	36.27
Query_6056687	WP_169473294.1	32.432	111	68	2	79	186	111	217	0.001	50.1	45.95
Query_6056687	WP_375188513.1	30.189	106	72	1	81	186	81	184	0.001	49.7	46.23
Query_6056687	HEX8065972.1	31.579	114	70	2	76	186	131	239	0.001	50.1	45.61
Query_6056687	ODV26704.1	44.643	56	31	0	128	183	167	222	0.001	50.1	53.57
Query_6056687	MGK0536945.1	33.898	59	39	0	128	186	51	109	0.001	48.1	54.24
Query_6056687	MBA4770743.1	33.654	104	68	1	83	186	115	217	0.001	50.1	44.23
Query_6056687	HET6764919.1	32.609	92	62	0	92	183	37	128	0.001	48.5	42.39
Query_6056687	MGD0963290.1	43.396	53	30	0	128	180	66	118	0.001	48.5	52.83
Query_6056687	MDP3082851.1	29.221	154	79	4	53	184	97	242	0.001	50.1	40.26
Query_6056687	WP_160752621.1	26.316	190	119	5	14	184	11	198	0.001	49.7	40.00
Query_6056687	KQV46952.1	45.614	57	31	0	128	184	155	211	0.001	49.7	54.39
Query_6056687	WP_349043204.1	30.909	110	70	2	77	183	26	132	0.001	48.5	41.82
Query_6056687	HEX2091259.1	37.838	74	46	0	107	180	50	123	0.001	48.5	45.95
Query_6056687	WP_409632138.1	32.039	103	69	1	85	186	113	215	0.001	49.7	48.54
Query_6056687	WP_264610574.1	23.923	209	130	5	7	186	8	216	0.001	49.7	42.11
Query_6056687	WP_293970581.1	32.407	108	70	2	82	186	26	133	0.001	48.5	46.30
Query_6056687	WP_400333546.1	34.021	97	55	2	93	185	146	237	0.001	50.1	49.48
Query_6056687	HEY0198720.1	28.931	159	99	4	36	183	66	221	0.001	49.7	41.51
Query_6056687	WP_048939334.1	36.986	73	46	0	114	186	148	220	0.001	49.7	49.32
Query_6056687	WP_366942122.1	34.146	123	72	3	68	186	108	225	0.001	49.7	43.90
Query_6056687	WP_293844823.1	28.947	114	78	2	75	186	29	141	0.002	48.5	45.61
Query_6056687	WP_434946437.1	42.373	59	34	0	128	186	165	223	0.002	49.7	52.54
Query_6056687	MEO1020428.1	40.678	59	35	0	128	186	6	64	0.002	46.6	50.85
Query_6056687	WP_415655597.1	35.484	93	54	2	93	184	129	216	0.002	49.7	45.16
Query_6056687	HEX6049171.1	37.179	78	49	0	106	183	69	146	0.002	48.5	46.15
Query_6056687	WP_420853308.1	44.068	59	33	0	128	186	87	145	0.002	48.5	50.85
Query_6056687	WP_263337488.1	38.095	63	39	0	124	186	63	125	0.002	48.1	50.79
Query_6056687	MFN3463217.1	31.111	90	62	0	97	186	85	174	0.002	48.9	45.56
Query_6056687	WP_229134707.1	37.288	59	37	0	128	186	69	127	0.002	48.1	55.93
Query_6056687	PBJ83976.1	44.643	56	31	0	128	183	165	220	0.002	49.7	53.57
Query_6056687	WP_280575203.1	38.889	72	40	2	115	184	170	239	0.002	49.7	54.17
Query_6056687	WP_179499289.1	30.726	179	99	6	20	186	55	220	0.002	49.7	43.58
Query_6056687	WP_120253366.1	45.614	57	31	0	128	184	161	217	0.002	49.3	50.88
Query_6056687	MCI0724258.1	29.730	111	64	3	75	185	27	123	0.002	48.1	45.05
Query_6056687	MCD9026777.1	35.443	79	47	2	107	183	81	157	0.002	48.5	51.90
Query_6056687	WP_253135407.1	33.333	111	68	2	79	183	113	223	0.002	49.3	44.14
Query_6056687	MBZ5573880.1	42.593	54	31	0	128	181	66	119	0.002	47.8	53.70
Query_6056687	WP_157256542.1	45.614	57	31	0	128	184	185	241	0.002	49.7	54.39
Query_6056687	MDT8069500.1	39.655	58	35	0	128	185	65	122	0.002	47.8	51.72
Query_6056687	WP_286771404.1	33.019	106	69	1	79	184	115	218	0.002	49.3	46.23
Query_6056687	MBZ5666476.1	26.446	121	87	1	65	185	5	123	0.002	47.8	42.15
Query_6056687	HZS60784.1	41.071	56	33	0	125	180	82	137	0.002	48.1	51.79
Query_6056687	WP_179220868.1	28.571	203	112	8	11	184	10	208	0.002	49.3	39.41
Query_6056687	WP_279728022.1	31.250	80	55	0	107	186	111	190	0.002	48.9	43.75
Query_6056687	WP_196225535.1	25.373	201	117	5	12	184	13	208	0.002	49.3	39.30
Query_6056687	WP_233375420.1	32.787	122	75	1	70	184	144	265	0.002	49.7	45.08
Query_6056687	SER23946.1	30.275	109	73	2	77	184	108	214	0.002	49.3	45.87
Query_6056687	HYC95831.1	26.887	212	117	7	1	183	1	203	0.002	48.9	39.62
Query_6056687	MBZ5688952.1	40.741	54	32	0	128	181	66	119	0.003	47.8	53.70
Query_6056687	WP_307103644.1	25.984	127	88	3	62	184	93	217	0.003	48.9	44.09
Query_6056687	WP_435712700.1	33.898	59	39	0	128	186	68	126	0.003	47.8	54.24
Query_6056687	PYU07063.1	36.232	69	39	1	117	185	59	122	0.003	47.8	53.62
Query_6056687	MBS1867785.1	36.923	65	41	0	121	185	57	121	0.003	47.4	52.31
Query_6056687	WP_188237759.1	36.232	69	44	0	115	183	143	211	0.003	48.9	49.28
Query_6056687	HKT25441.1	37.097	62	39	0	124	185	62	123	0.003	47.8	51.61
Query_6056687	PYT66035.1	37.931	58	36	0	128	185	66	123	0.003	47.4	53.45
Query_6056687	WP_310232510.1	28.448	116	69	2	78	183	130	241	0.003	49.3	46.55
Query_6056687	MEI9850135.1	29.907	107	70	1	79	185	111	212	0.003	48.9	46.73
Query_6056687	WP_135212790.1	26.500	200	119	5	11	186	14	209	0.003	48.9	37.50
Query_6056687	WP_310332854.1	35.897	78	49	1	108	184	163	240	0.003	49.3	51.28
Query_6056687	WP_030539373.1	43.860	57	32	0	128	184	165	221	0.003	48.9	50.88
Query_6056687	WP_354491377.1	31.481	108	73	1	79	186	111	217	0.003	48.9	47.22
Query_6056687	WP_039570855.1	42.105	57	33	0	128	184	161	217	0.003	48.9	54.39
Query_6056687	MDB6100393.1	26.452	155	107	3	36	184	84	237	0.003	48.9	39.35
Query_6056687	MBI4410086.1	37.333	75	43	1	106	180	32	102	0.003	47.0	46.67
Query_6056687	MGA8104104.1	39.655	58	35	0	128	185	66	123	0.003	47.4	55.17
Query_6056687	MBR7673984.1	31.200	125	82	2	61	184	13	134	0.003	47.8	44.80
Query_6056687	WP_219239353.1	28.431	204	114	5	13	184	14	217	0.003	48.9	38.73
Query_6056687	MGC2547810.1	39.655	58	35	0	128	185	65	122	0.003	47.4	51.72
Query_6056687	HEV7445807.1	34.884	86	52	1	103	184	152	237	0.003	48.9	45.35
Query_6056687	WP_330899093.1	26.699	206	113	5	16	184	17	221	0.003	48.9	37.86
Query_6056687	HEY7638163.1	29.752	121	85	0	64	184	129	249	0.003	48.9	42.15
Query_6056687	WP_267231319.1	31.532	111	75	1	75	184	106	216	0.003	48.9	47.75
Query_6056687	WP_371514793.1	37.662	77	48	0	108	184	25	101	0.003	47.0	48.05
Query_6056687	PYU00994.1	38.710	62	38	0	124	185	61	122	0.003	47.4	51.61
Query_6056687	HXM93620.1	33.333	78	45	1	108	185	50	120	0.003	47.4	46.15
Query_6056687	WP_068097223.1	32.990	97	54	2	98	183	126	222	0.003	48.9	46.39
Query_6056687	WP_374453929.1	31.818	88	60	0	97	184	130	217	0.003	48.5	50.00
Query_6056687	MBY0493278.1	38.961	77	38	2	108	183	78	146	0.003	47.8	49.35
Query_6056687	WP_059597140.1	29.921	127	81	3	67	185	98	224	0.003	48.9	41.73
Query_6056687	MGB0124901.1	39.655	58	35	0	128	185	40	97	0.003	46.6	51.72
Query_6056687	MES1972869.1	31.783	129	75	5	62	183	93	215	0.003	48.5	44.19
Query_6056687	WP_435594005.1	35.443	79	47	2	107	183	146	222	0.004	48.5	51.90
Query_6056687	HVT14744.1	35.106	94	59	2	94	185	37	130	0.004	47.4	45.74
Query_6056687	WP_369828398.1	26.797	153	89	3	54	184	15	166	0.004	48.1	38.56
Query_6056687	WP_161965942.1	33.962	106	64	2	85	184	117	222	0.004	48.5	44.34
Query_6056687	HEX8223742.1	30.435	115	72	2	75	184	105	216	0.004	48.5	41.74
Query_6056687	MCI0722339.1	39.655	58	35	0	128	185	1	58	0.004	45.4	50.00
Query_6056687	MDO7435086.1	38.983	59	36	0	128	186	18	76	0.004	46.2	50.85
Query_6056687	WP_049781719.1	26.442	208	116	6	12	183	26	232	0.004	48.9	39.42
Query_6056687	WP_158755063.1	30.769	117	71	3	65	173	96	210	0.004	48.5	47.01
Query_6056687	WP_334183847.1	31.250	80	55	0	107	186	142	221	0.004	48.5	43.75
Query_6056687	HWG87270.1	40.351	57	34	0	127	183	178	234	0.004	48.9	56.14
Query_6056687	PYT34966.1	37.097	62	39	0	124	185	8	69	0.004	45.8	48.39
Query_6056687	WP_428406836.1	32.530	83	56	0	102	184	133	215	0.004	48.5	51.81
Query_6056687	WP_144893342.1	34.483	116	69	3	75	183	16	131	0.004	47.4	46.55
Query_6056687	MBL8238669.1	34.737	95	53	2	91	185	52	137	0.004	47.4	46.32
Query_6056687	MBX3621267.1	37.179	78	48	1	108	184	171	248	0.004	48.9	50.00
Query_6056687	HEX7732799.1	28.571	112	73	2	69	173	131	242	0.004	48.9	43.75
Query_6056687	WP_426387571.1	22.596	208	123	5	15	186	27	232	0.004	48.5	37.50
Query_6056687	WP_169574588.1	43.860	57	32	0	128	184	161	217	0.004	48.5	49.12
Query_6056687	WP_060255686.1	38.983	59	36	0	128	186	166	224	0.004	48.5	55.93
Query_6056687	HEX8692967.1	36.508	63	40	0	123	185	88	150	0.004	47.8	50.79
Query_6056687	WP_063510607.1	28.155	206	119	7	1	184	1	199	0.004	48.1	41.26
Query_6056687	WP_232135079.1	34.118	85	56	0	99	183	138	222	0.004	48.5	45.88
Query_6056687	HEU4506782.1	37.097	62	39	0	124	185	190	251	0.004	48.5	51.61
Query_6056687	WP_157683871.1	38.596	57	35	0	128	184	151	207	0.004	48.1	56.14
Query_6056687	WP_273619389.1	37.313	67	42	0	118	184	155	221	0.004	48.5	47.76
Query_6056687	WP_293501055.1	34.454	119	68	5	68	184	134	244	0.004	48.5	47.90
Query_6056687	HEX4736690.1	34.615	78	51	0	107	184	99	176	0.004	47.8	47.44
Query_6056687	TAM00050.1	39.655	58	35	0	126	183	22	79	0.004	45.8	48.28
Query_6056687	WP_161647334.1	39.344	61	37	0	125	185	32	92	0.005	46.6	49.18
Query_6056687	HEY7638157.1	37.975	79	48	1	107	184	174	252	0.005	48.5	49.37
Query_6056687	MFL6604470.1	33.721	86	53	1	103	184	152	237	0.005	48.5	45.35
Query_6056687	HET6232338.1	37.288	59	37	0	125	183	69	127	0.005	47.0	50.85
Query_6056687	MGA9883511.1	40.741	54	32	0	128	181	66	119	0.005	47.0	53.70
Query_6056687	HLZ78588.1	36.471	85	51	1	103	184	157	241	0.005	48.5	44.71
Query_6056687	HWW87418.1	37.500	64	40	0	123	186	72	135	0.005	47.0	53.12
Query_6056687	ESQ84210.1	42.105	57	33	0	128	184	26	82	0.005	45.8	50.88
Query_6056687	WP_232133917.1	30.508	118	73	3	73	183	105	220	0.005	48.1	49.15
Query_6056687	WP_143294759.1	39.344	61	37	0	125	185	46	106	0.005	46.6	49.18
Query_6056687	HUW52963.1	23.858	197	112	6	14	173	15	210	0.005	48.1	38.58
Query_6056687	WP_132985024.1	44.643	56	31	0	128	183	164	219	0.005	48.1	55.36
Query_6056687	MDQ1199167.1	30.909	110	70	2	77	183	125	231	0.005	48.1	41.82
Query_6056687	HXB27454.1	40.678	59	35	0	125	183	62	120	0.005	46.6	52.54
Query_6056687	PYT77783.1	36.207	58	37	0	128	185	66	123	0.005	46.6	53.45
Query_6056687	HEX6748703.1	34.831	89	53	1	92	180	38	121	0.005	47.0	42.70
Query_6056687	TLY76153.1	43.333	60	34	0	125	184	110	169	0.005	47.8	50.00
Query_6056687	WP_348012668.1	36.047	86	54	1	100	184	152	237	0.005	48.1	46.51
Query_6056687	WP_272743839.1	28.829	111	77	1	76	184	110	220	0.005	48.1	45.05
Query_6056687	WP_143156622.1	28.302	106	70	3	84	183	32	137	0.006	47.0	51.89
Query_6056687	WP_270092870.1	40.678	59	35	0	128	186	166	224	0.006	48.1	52.54
Query_6056687	WP_013848595.1	32.000	75	51	0	109	183	118	192	0.006	47.8	52.00
Query_6056687	MGB2678529.1	38.596	57	35	0	124	180	62	118	0.006	46.6	50.88
Query_6056687	MBK6703124.1	31.111	90	62	0	97	186	117	206	0.006	48.1	45.56
Query_6056687	WP_081714609.1	26.540	211	115	7	10	184	11	217	0.006	48.1	37.91
Query_6056687	MGC2258037.1	37.931	58	36	0	128	185	66	123	0.006	46.6	53.45
Query_6056687	MGH9697834.1	41.379	58	34	0	128	185	65	122	0.006	46.6	53.45
Query_6056687	WP_186402136.1	24.878	205	120	4	14	184	15	219	0.006	48.1	37.56
Query_6056687	HET8922533.1	39.655	58	35	0	128	185	66	123	0.006	46.6	55.17
Query_6056687	MCU0949640.1	40.845	71	41	1	115	184	159	229	0.006	48.1	52.11
Query_6056687	WP_003487129.1	28.205	117	79	1	62	173	96	212	0.006	48.1	44.44
Query_6056687	WP_404615425.1	31.200	125	77	3	56	173	90	212	0.006	48.1	45.60
Query_6056687	MGB7437701.1	37.097	62	39	0	124	185	62	123	0.006	46.6	51.61
Query_6056687	WP_397536068.1	31.148	122	81	3	66	184	130	251	0.006	48.1	45.90
Query_6056687	UXE46043.1	36.207	58	37	0	124	181	62	119	0.006	46.6	55.17
Query_6056687	ADU14097.1	26.442	208	116	6	12	183	74	280	0.006	48.1	39.42
Query_6056687	KGD27920.1	39.344	61	37	0	125	185	68	128	0.006	47.0	49.18
Query_6056687	WP_159832433.1	29.630	108	75	1	79	186	115	221	0.006	47.8	41.67
Query_6056687	MGE4036005.1	28.070	114	80	1	70	183	104	215	0.007	47.8	43.86
Query_6056687	MBS0503197.1	27.451	204	116	7	13	184	14	217	0.007	47.8	39.71
Query_6056687	HCO45879.1	34.444	90	57	1	97	184	59	148	0.007	47.0	46.67
Query_6056687	MGE5111379.1	37.931	58	36	0	128	185	66	123	0.007	46.6	55.17
Query_6056687	WP_256730123.1	39.344	61	37	0	125	185	52	112	0.007	46.6	49.18
Query_6056687	WP_162896127.1	32.520	123	74	3	68	186	108	225	0.007	47.8	43.09
Query_6056687	MEX2126104.1	32.258	93	63	0	92	184	145	237	0.007	47.8	40.86
Query_6056687	MGH8269752.1	30.909	110	72	1	79	184	87	196	0.007	47.8	45.45
Query_6056687	SNS96211.1	25.962	208	128	3	5	186	20	227	0.007	47.8	37.02
Query_6056687	MFA4841627.1	35.802	81	52	0	106	186	141	221	0.007	47.8	44.44
Query_6056687	WP_380595703.1	28.947	114	69	2	71	180	123	228	0.008	47.8	47.37
Query_6056687	WP_304562045.1	41.791	67	39	0	118	184	152	218	0.008	47.8	49.25
Query_6056687	WP_103622604.1	35.593	59	38	0	128	186	68	126	0.008	46.6	52.54
Query_6056687	WP_232580324.1	36.111	72	46	0	112	183	143	214	0.008	47.8	48.61
Query_6056687	HUI60915.1	34.146	82	50	1	107	184	143	224	0.008	47.8	45.12
Query_6056687	HXU21981.1	39.655	58	35	0	128	185	66	123	0.008	46.2	53.45
Query_6056687	HVK79296.1	26.316	114	80	1	77	186	139	252	0.008	47.8	42.98
Query_6056687	WP_390478134.1	34.444	90	58	1	96	184	113	202	0.008	47.4	46.67
Query_6056687	MBE0546685.1	43.860	57	32	0	128	184	205	261	0.008	47.8	56.14
Query_6056687	WP_037515039.1	26.263	198	118	6	14	184	18	214	0.008	47.8	37.88
Query_6056687	WP_269078641.1	30.588	170	103	5	22	186	29	188	0.008	47.4	39.41
Query_6056687	HEV7717235.1	44.828	58	32	0	127	184	191	248	0.008	47.8	50.00
Query_6056687	WP_239804380.1	35.897	78	49	1	108	184	142	219	0.008	47.8	47.44
Query_6056687	WP_084653297.1	26.923	208	110	7	14	183	20	223	0.008	47.8	41.35
Query_6056687	HSL71115.1	37.500	56	35	0	125	180	75	130	0.008	46.6	51.79
Query_6056687	HVZ18612.1	35.088	57	37	0	128	184	77	133	0.009	46.6	54.39
Query_6056687	WP_059572015.1	33.607	122	71	3	74	185	105	226	0.009	47.8	41.80
Query_6056687	WP_184601699.1	44.828	58	28	2	128	183	167	222	0.009	47.8	56.90
Query_6056687	MEA2336716.1	36.250	80	43	2	107	185	45	117	0.009	46.2	50.00
Query_6056687	WP_083224804.1	29.851	134	86	3	56	186	95	223	0.009	47.4	42.54
Query_6056687	MGH9204874.1	35.526	76	42	1	108	183	59	127	0.009	46.2	47.37
Query_6056687	HWZ80915.1	37.097	62	39	0	124	185	62	123	0.009	46.2	51.61
Query_6056687	HVW67410.1	25.581	129	90	2	60	184	109	235	0.009	47.8	44.19
Query_6056687	WP_183427196.1	42.857	56	32	0	128	183	165	220	0.009	47.4	50.00
Query_6056687	MCD9007026.1	41.071	56	33	0	128	183	171	226	0.009	47.4	53.57
Query_6056687	HEX6809144.1	32.323	99	54	3	86	180	47	136	0.010	46.6	45.45
Query_6056687	WP_015446676.1	43.750	48	27	0	126	173	167	214	0.010	47.4	54.17
Query_6056687	OYZ32671.1	33.333	93	58	1	94	186	27	115	0.010	45.8	44.09
Query_6056687	PYY13093.1	37.931	58	36	0	128	185	33	90	0.010	45.4	51.72
Query_6056687	WP_060821851.1	40.984	61	36	0	125	185	164	224	0.010	47.4	49.18
Query_6056687	WP_284618539.1	32.773	119	68	3	73	185	108	220	0.010	47.4	45.38
Query_6056687	NUZ08953.1	43.860	57	32	0	128	184	107	163	0.010	46.6	56.14
Query_6056687	MBI3476435.1	36.508	63	40	0	124	186	69	131	0.010	46.2	50.79
Query_6056687	WP_009891230.1	31.148	122	74	2	74	185	105	226	0.011	47.4	40.16
Query_6056687	MGD0446169.1	28.788	132	74	3	66	185	1	124	0.011	45.8	41.67
Query_6056687	WP_267527553.1	29.710	138	83	3	54	184	45	175	0.011	47.0	42.03
Query_6056687	WP_096063456.1	42.105	57	33	0	128	184	26	82	0.011	45.1	47.37
Query_6056687	WP_170935538.1	29.104	134	92	1	56	186	62	195	0.011	47.0	40.30
Query_6056687	KOS85664.1	39.344	61	37	0	125	185	109	169	0.011	47.0	49.18
Query_6056687	WP_251673963.1	26.852	108	79	0	81	188	24	131	0.011	46.2	47.22
Query_6056687	MGH8169531.1	30.909	110	72	1	79	184	128	237	0.011	47.4	45.45
Query_6056687	HKV80547.1	37.931	58	36	0	128	185	92	149	0.011	46.2	51.72
Query_6056687	MGB2664442.1	37.931	58	36	0	128	185	66	123	0.011	45.8	53.45
Query_6056687	WP_439461894.1	34.091	88	57	1	98	184	152	239	0.011	47.4	46.59
Query_6056687	MEO1018263.1	36.111	72	46	0	115	186	181	252	0.011	47.4	50.00
Query_6056687	WP_015602407.1	40.984	61	36	0	125	185	163	223	0.011	47.4	49.18
Query_6056687	HEV2615164.1	39.655	58	35	0	128	185	66	123	0.012	45.8	53.45
Query_6056687	MBZ8139694.1	43.860	57	32	0	128	184	186	242	0.012	47.4	54.39
Query_6056687	WP_312571159.1	31.579	114	70	4	70	181	100	207	0.012	47.0	47.37
Query_6056687	WP_263415255.1	37.931	58	36	0	128	185	85	142	0.012	46.2	51.72
Query_6056687	MBS1842021.1	42.105	57	30	2	126	180	40	95	0.012	45.1	59.65
Query_6056687	WP_007662803.1	35.227	88	56	1	98	184	127	214	0.012	47.0	45.45
Query_6056687	WP_206240145.1	45.614	57	31	0	128	184	167	223	0.012	47.4	50.88
Query_6056687	WP_068087197.1	45.614	57	31	0	128	184	164	220	0.012	47.0	50.88
Query_6056687	MFD1961666.1	36.508	63	40	0	124	186	11	73	0.012	44.7	47.62
Query_6056687	WP_168190234.1	26.923	130	84	3	66	184	91	220	0.012	47.0	44.62
Query_6056687	WP_334240242.1	27.027	111	67	2	75	185	27	123	0.012	45.8	41.44
Query_6056687	MBN91534.1	28.571	196	112	6	11	184	38	227	0.012	47.0	40.31
Query_6056687	WP_169575071.1	32.258	93	56	3	91	183	132	217	0.013	47.0	47.31
Query_6056687	WP_192164256.1	36.486	74	43	2	112	183	147	218	0.013	47.0	50.00
Query_6056687	HMH13941.1	28.169	142	80	4	53	185	23	151	0.013	46.2	42.25
Query_6056687	WP_106512340.1	42.373	59	34	0	128	186	161	219	0.013	47.0	49.15
Query_6056687	WP_051749893.1	25.743	202	116	6	14	183	16	215	0.013	47.0	40.59
Query_6056687	MCU1317992.1	29.688	128	83	4	62	184	135	260	0.013	47.4	45.31
Query_6056687	RZM28193.1	40.909	66	39	0	119	184	5	70	0.013	44.3	48.48
Query_6056687	WP_281128533.1	33.613	119	63	5	72	184	110	218	0.013	47.0	47.06
Query_6056687	WP_188760793.1	36.207	58	37	0	128	185	66	123	0.013	45.8	51.72
Query_6056687	MGH8195877.1	33.803	71	47	0	114	184	169	239	0.013	47.4	47.89
Query_6056687	WP_397554340.1	35.294	68	44	0	119	186	63	130	0.013	45.8	51.47
Query_6056687	WP_434933387.1	34.722	72	47	0	112	183	155	226	0.013	47.0	48.61
Query_6056687	HMJ21396.1	37.097	62	39	0	124	185	62	123	0.013	45.8	51.61
Query_6056687	WP_077145342.1	31.313	99	63	2	91	186	119	215	0.013	47.0	47.47
Query_6056687	HYU45243.1	36.207	58	37	0	128	185	63	120	0.013	45.4	55.17
Query_6056687	MBC7673069.1	34.737	95	57	4	92	184	101	192	0.013	46.6	50.53
Query_6056687	WP_421121122.1	30.769	104	70	1	83	186	65	166	0.014	46.6	44.23
Query_6056687	WP_186144466.1	29.496	139	84	4	56	183	93	228	0.014	47.0	43.17
Query_6056687	WP_206856250.1	21.774	124	90	3	66	184	6	127	0.014	45.8	47.58
Query_6056687	MBJ7439934.1	25.126	199	122	4	13	184	14	212	0.014	47.0	36.68
Query_6056687	MFT4054927.1	33.696	92	61	0	92	183	51	142	0.014	46.2	40.22
Query_6056687	WP_023462667.1	26.064	188	105	5	16	173	17	200	0.014	47.0	38.83
Query_6056687	NLG63012.1	42.593	54	31	0	124	177	66	119	0.014	45.8	53.70
Query_6056687	WP_317495783.1	34.667	75	47	1	112	184	171	245	0.015	47.0	53.33
Query_6056687	MFZ5623158.1	29.921	127	70	4	69	183	217	336	0.015	47.4	43.31
Query_6056687	MGD9714240.1	26.852	216	108	10	11	184	12	219	0.015	47.0	41.67
Query_6056687	HUD55252.1	26.724	116	69	3	77	185	17	123	0.015	45.4	43.10
Query_6056687	UPT61513.1	27.350	117	75	2	73	186	121	230	0.015	47.0	43.59
Query_6056687	HEY8879402.1	46.552	58	29	2	128	184	185	241	0.016	47.0	56.90
Query_6056687	WP_307692800.1	29.730	111	75	2	79	186	117	227	0.016	47.0	46.85
Query_6056687	WP_310531292.1	26.263	198	116	6	11	184	8	199	0.016	46.6	38.89
Query_6056687	KTE15640.1	29.907	107	74	1	81	186	85	191	0.016	46.6	44.86
Query_6056687	WP_171551888.1	38.983	59	36	0	128	186	173	231	0.016	47.0	50.85
Query_6056687	WP_169861186.1	34.177	79	52	0	108	186	145	223	0.016	47.0	44.30
Query_6056687	MGA2391492.1	42.593	54	31	0	128	181	66	119	0.016	45.4	53.70
Query_6056687	WP_009858734.1	45.614	57	31	0	128	184	181	237	0.016	47.0	54.39
Query_6056687	HEY2402064.1	34.146	82	50	1	107	184	154	235	0.016	47.0	46.34
Query_6056687	WP_058539832.1	29.907	107	74	1	81	186	115	221	0.016	46.6	44.86
Query_6056687	WP_158288980.1	31.915	94	63	1	92	184	130	223	0.017	46.6	41.49
Query_6056687	WP_294062555.1	40.351	57	34	0	128	184	106	162	0.017	46.2	50.88
Query_6056687	HEX8215695.1	30.702	114	76	2	73	184	110	222	0.017	46.6	45.61
Query_6056687	WP_329686578.1	35.870	92	56	2	92	180	37	128	0.017	45.4	44.57
Query_6056687	MDV6014118.1	34.667	75	47	1	112	184	208	282	0.017	47.0	53.33
Query_6056687	WP_354490087.1	32.110	109	71	2	79	186	111	217	0.017	46.6	44.95
Query_6056687	MGH8294817.1	35.165	91	57	2	95	184	148	237	0.017	47.0	48.35
Query_6056687	WP_320427066.1	32.558	129	77	4	66	184	125	253	0.017	47.0	43.41
Query_6056687	MEA3017064.1	39.130	69	37	1	121	184	148	216	0.017	46.6	47.83
Query_6056687	HEY4839568.1	43.333	60	32	1	123	180	80	139	0.018	45.8	50.00
Query_6056687	HEU5409259.1	39.655	58	35	0	128	185	66	123	0.018	45.4	50.00
Query_6056687	OLE14277.1	37.931	58	36	0	128	185	66	123	0.018	45.4	50.00
Query_6056687	MBS1864628.1	29.060	117	74	2	74	181	28	144	0.018	45.8	42.74
Query_6056687	WP_394416739.1	28.947	152	95	3	46	184	102	253	0.018	47.0	41.45
Query_6056687	WP_335307316.1	37.288	59	37	0	125	183	149	207	0.018	46.6	55.93
Query_6056687	WP_010115569.1	31.783	129	76	3	67	185	98	224	0.018	46.6	38.76
Query_6056687	PYT94181.1	37.931	58	36	0	128	185	97	154	0.018	45.8	51.72
Query_6056687	WP_373852818.1	36.709	79	50	0	108	186	146	224	0.018	46.6	48.10
Query_6056687	WP_175483734.1	25.962	208	116	8	14	183	15	222	0.019	46.6	40.38
Query_6056687	WP_085217015.1	34.177	79	52	0	106	184	116	194	0.019	46.2	46.84
Query_6056687	HYL14622.1	30.556	108	61	3	78	185	30	123	0.019	45.1	45.37
Query_6056687	WP_080027782.1	38.983	59	36	0	128	186	173	231	0.019	46.6	50.85
Query_6056687	HWM93399.1	36.709	79	43	1	108	186	77	148	0.020	45.8	44.30
Query_6056687	MGA2605934.1	39.655	58	35	0	128	185	66	123	0.020	45.1	53.45
Query_6056687	HEX6159531.1	34.579	107	62	4	84	184	33	137	0.021	45.4	45.79
Query_6056687	RVT50611.1	31.915	94	63	1	92	184	157	250	0.021	46.6	41.49
Query_6056687	WP_263408855.1	35.484	62	40	0	124	185	62	123	0.021	45.1	51.61
Query_6056687	HEX5423152.1	37.097	62	39	0	124	185	62	123	0.022	45.1	50.00
Query_6056687	WP_292630974.1	31.148	122	77	2	68	186	113	230	0.022	46.6	40.98
Query_6056687	WP_176342152.1	40.351	57	34	0	128	184	164	220	0.022	46.6	52.63
Query_6056687	HEY6849552.1	31.132	106	59	3	79	184	31	122	0.022	45.1	47.17
Query_6056687	MBL8304867.1	33.333	81	53	1	105	184	158	238	0.022	46.6	49.38
Query_6056687	MGB7438923.1	36.207	58	37	0	128	185	66	123	0.022	45.1	53.45
Query_6056687	WP_440861917.1	23.737	198	123	4	14	184	2	198	0.022	46.2	36.87
Query_6056687	MBS0418578.1	34.146	82	50	2	107	184	155	236	0.022	46.6	46.34
Query_6056687	WP_340231882.1	38.596	57	35	0	128	184	161	217	0.023	46.2	50.88
Query_6056687	MET0396893.1	36.585	82	49	1	108	186	150	231	0.023	46.6	45.12
Query_6056687	GIK49884.1	29.442	197	110	8	14	186	29	220	0.023	46.2	37.56
Query_6056687	MCK6427387.1	30.000	110	69	2	82	184	142	250	0.023	46.6	45.45
Query_6056687	OUC52980.1	40.351	57	34	0	128	184	209	265	0.023	46.6	52.63
Query_6056687	HEX7004560.1	32.530	83	45	2	105	185	46	119	0.024	45.1	49.40
Query_6056687	HEV8493966.1	27.119	118	69	2	63	180	144	244	0.024	46.6	43.22
Query_6056687	WP_292177438.1	28.261	184	108	7	15	184	50	223	0.024	46.2	42.93
Query_6056687	HWU12808.1	38.333	60	37	0	125	184	160	219	0.024	46.2	48.33
Query_6056687	WP_272740141.1	28.319	113	78	1	75	184	1	113	0.025	44.7	38.05
Query_6056687	HWW87528.1	40.678	59	35	0	125	183	85	143	0.025	45.4	50.85
Query_6056687	WP_203438483.1	39.344	61	37	0	125	185	161	221	0.026	46.2	49.18
Query_6056687	HEY6237283.1	32.099	81	55	0	106	186	148	228	0.026	46.2	49.38
Query_6056687	WP_114105159.1	38.333	60	37	0	125	184	166	225	0.026	46.2	50.00
Query_6056687	MFZ0521564.1	35.593	59	38	0	128	186	65	123	0.027	44.7	50.85
Query_6056687	HEV2271329.1	33.333	117	70	4	73	184	124	237	0.027	46.2	47.86
Query_6056687	WP_165793653.1	33.945	109	69	2	78	184	112	219	0.027	46.2	44.04
Query_6056687	HEY7810901.1	31.092	119	72	2	66	184	92	200	0.028	45.8	41.18
Query_6056687	WP_377819292.1	40.816	49	29	0	124	172	64	112	0.028	44.7	55.10
Query_6056687	GAB2552042.1	36.486	74	43	2	112	183	168	239	0.028	46.2	48.65
Query_6056687	HEU4561556.1	41.818	55	32	0	125	179	66	120	0.029	44.7	52.73
Query_6056687	WP_425259076.1	42.105	57	33	0	128	184	164	220	0.029	46.2	54.39
Query_6056687	MCG8457543.1	46.000	50	27	0	128	177	212	261	0.029	46.2	54.00
Query_6056687	MPZ17584.1	37.500	64	40	0	123	186	115	178	0.029	45.4	53.12
Query_6056687	MCU1300730.1	40.741	54	32	0	128	181	66	119	0.029	44.7	53.70
Query_6056687	MEJ0038588.1	30.612	98	64	1	91	184	155	252	0.029	46.2	46.94
Query_6056687	HZQ25219.1	38.889	54	33	0	128	181	66	119	0.029	45.1	53.70
Query_6056687	HUP90244.1	29.000	100	69	1	86	183	22	121	0.030	44.7	42.00
Query_6056687	WP_324075314.1	37.143	70	44	0	115	184	147	216	0.031	45.8	45.71
Query_6056687	WP_187775785.1	32.456	114	64	3	72	184	119	220	0.031	45.8	42.98
Query_6056687	WP_217991251.1	27.778	108	78	0	79	186	104	211	0.031	45.8	45.37
Query_6056687	GAM97029.1	27.053	207	116	7	9	186	1	201	0.031	45.8	39.61
Query_6056687	WP_224919912.1	35.714	70	45	0	115	184	147	216	0.032	45.8	47.14
Query_6056687	MFT3722209.1	28.682	129	90	1	60	186	105	233	0.032	45.8	44.96
Query_6056687	WP_099185342.1	28.358	134	93	1	56	186	83	216	0.032	45.8	41.04
Query_6056687	MDY0066510.1	30.657	137	79	5	59	184	104	235	0.033	45.8	45.99
Query_6056687	WP_407352868.1	44.828	58	28	2	128	183	167	222	0.033	45.8	55.17
Query_6056687	HTK73210.1	39.000	100	56	3	91	186	138	236	0.033	45.8	48.00
Query_6056687	MGD0469210.1	37.931	58	36	0	128	185	66	123	0.034	44.7	51.72
Query_6056687	WP_169818223.1	31.818	66	44	1	119	184	49	113	0.034	44.3	57.58
Query_6056687	HEU5208166.1	43.137	51	29	0	124	174	66	116	0.034	44.7	52.94
Query_6056687	HWH61071.1	35.484	62	40	0	124	185	62	123	0.034	44.7	48.39
Query_6056687	MBW8880511.1	32.110	109	64	2	78	186	93	191	0.034	45.4	43.12
Query_6056687	MFZ0579773.1	37.097	62	39	0	124	185	64	125	0.034	44.7	50.00
Query_6056687	WP_058833574.1	42.857	56	32	0	128	183	160	215	0.035	45.8	48.21
Query_6056687	MGI8746172.1	35.000	80	45	1	106	185	189	261	0.035	46.2	46.25
Query_6056687	WP_151748834.1	38.983	59	36	0	128	186	172	230	0.035	45.8	50.85
Query_6056687	HWR15472.1	36.207	58	37	0	124	181	62	119	0.035	44.7	50.00
Query_6056687	WP_232494496.1	25.243	206	117	4	16	184	9	214	0.035	45.8	37.38
Query_6056687	PYL81044.1	35.484	62	40	0	125	186	76	137	0.035	44.7	51.61
Query_6056687	MBE0550539.1	27.778	108	76	2	79	184	133	240	0.035	45.8	46.30
Query_6056687	WP_325363230.1	32.979	94	58	2	92	184	128	217	0.036	45.8	44.68
Query_6056687	WP_136989101.1	41.667	48	28	0	125	172	170	217	0.037	45.8	54.17
Query_6056687	MBL8986602.1	44.000	50	26	1	125	172	66	115	0.038	44.7	58.00
Query_6056687	MEX2284762.1	37.500	56	35	0	125	180	72	127	0.039	44.7	50.00
Query_6056687	MGB6877163.1	40.741	54	32	0	128	181	66	119	0.039	44.3	50.00
Query_6056687	MEO1369729.1	35.714	56	36	0	128	183	88	143	0.040	44.7	53.57
Query_6056687	WP_310015105.1	35.616	73	47	0	112	184	162	234	0.040	45.8	43.84
Query_6056687	WP_217704305.1	43.860	57	32	0	128	184	185	241	0.040	45.8	56.14
Query_6056687	WP_184222668.1	27.957	93	58	2	93	185	40	123	0.040	44.3	44.09
Query_6056687	HKT73093.1	31.325	83	54	1	107	186	158	240	0.041	45.8	46.99
Query_6056687	WP_315726973.1	30.088	113	76	1	75	184	106	218	0.041	45.4	43.36
Query_6056687	HTN41267.1	40.678	59	31	2	128	184	46	102	0.042	43.9	54.24
Query_6056687	MEJ1961536.1	36.111	72	45	1	114	184	175	246	0.042	45.8	48.61
Query_6056687	WP_197253246.1	43.103	58	29	2	128	183	163	218	0.042	45.4	56.90
Query_6056687	MDE1161202.1	37.037	54	34	0	128	181	67	120	0.043	44.3	55.56
Query_6056687	HEX8274139.1	37.333	75	44	1	115	186	157	231	0.043	45.8	48.00
Query_6056687	MGB5779082.1	33.333	75	50	0	110	184	128	202	0.043	45.4	44.00
Query_6056687	MGB8889248.1	39.623	53	32	0	128	180	66	118	0.043	44.3	52.83
Query_6056687	HEY1142822.1	28.205	195	119	6	1	183	21	206	0.044	45.4	38.46
Query_6056687	WP_250400137.1	30.345	145	94	5	47	187	62	203	0.044	45.4	42.76
Query_6056687	WP_329633328.1	29.524	105	73	1	83	187	115	218	0.044	45.4	47.62
Query_6056687	WP_008216298.1	39.655	58	35	0	126	183	168	225	0.045	45.4	48.28
Query_6056687	WP_324379094.1	30.233	129	83	3	57	183	13	136	0.045	44.7	41.86
Query_6056687	WP_114344921.1	43.750	48	27	0	126	173	168	215	0.045	45.4	54.17
Query_6056687	WP_184213169.1	35.484	62	40	0	124	185	62	123	0.045	44.3	51.61
Query_6056687	MBY0497907.1	40.678	59	35	0	128	186	189	247	0.045	45.8	49.15
Query_6056687	OZB19132.1	35.484	62	40	0	125	186	235	296	0.046	45.8	51.61
Query_6056687	MDT8068485.1	37.931	58	36	0	128	185	66	123	0.046	44.3	51.72
Query_6056687	MGB2667658.1	32.308	65	44	0	121	185	59	123	0.046	44.3	50.77
Query_6056687	WP_394483242.1	30.833	120	75	3	66	184	129	241	0.046	45.4	47.50
Query_6056687	WP_096343634.1	34.118	85	56	0	102	186	136	220	0.046	45.4	47.06
Query_6056687	WP_069204945.1	30.579	121	78	3	68	187	101	216	0.046	45.4	47.93
Query_6056687	TAL84692.1	35.593	59	38	0	125	183	167	225	0.047	45.4	49.15
Query_6056687	WP_188515270.1	37.662	77	47	1	108	184	136	211	0.047	45.4	44.16
Query_6056687	WP_306995031.1	29.310	116	75	2	75	183	135	250	0.047	45.4	44.83
Query_6056687	MGC8517675.1	40.323	62	37	0	125	186	179	240	0.048	45.4	46.77
Query_6056687	WP_397131799.1	34.579	107	56	5	77	180	29	124	0.048	44.7	45.79
Query_6056687	HEY0306141.1	32.000	75	45	1	113	181	48	122	0.049	44.3	49.33
Query_6056687	WP_007511728.1	37.931	58	36	0	126	183	168	225	0.050	45.4	48.28


